0 6370.000000 0.000000 0.000000 0.000000
1 6376.350000 0.000000 0.000000 0.000000
2 6382.700000 0.000000 0.000000 0.000000
3 6389.050000 0.000000 0.000000 0.000000
4 6395.400000 0.000000 0.000000 0.000000
5 6401.750000 0.000000 0.000000 0.000000
6 6408.100000 0.000000 0.000000 0.000000
7 6414.450000 0.000000 0.000000 0.000000
8 6420.800000 0.000000 0.000000 0.000000
9 6427.150000 0.000000 0.000000 0.000000
10 6433.500000 0.000000 0.000000 0.000000
11 6439.850000 0.000000 0.000000 0.000000
12 6446.200000 0.000000 0.000000 0.000000
13 6452.550000 0.000000 0.000000 0.000000
14 6458.900000 0.000000 0.000000 0.000000
15 6465.250000 0.000000 0.000000 0.247500
16 6471.600000 0.000000 0.000000 0.912500
17 6477.950000 0.752500 0.000000 0.247500
18 6484.300000 0.925000 0.000000 0.000000
19 6490.650000 0.957500 0.000000 0.000000
20 6497.000000 0.970000 0.000000 0.000000
21 6503.350000 0.977500 0.000000 0.000000
22 6509.700000 0.982500 0.000000 0.000000
23 6516.050000 0.982500 0.000000 0.000000
24 6522.400000 0.982500 0.000000 0.000000
25 6528.750000 0.982500 0.000000 0.000000
26 6535.100000 0.982500 0.000000 0.000000
27 6541.450000 0.982500 0.000000 0.000000
28 6547.800000 0.980000 0.000000 0.000000
29 6554.150000 0.977500 0.000000 0.000000
30 6560.500000 0.975000 0.000000 0.000000
31 6566.850000 0.972500 0.000000 0.000000
32 6573.200000 0.965000 0.000000 0.000000
33 6579.550000 0.955000 0.000000 0.000000
34 6585.900000 0.940000 0.000000 0.000000
35 6592.250000 0.920000 0.000000 0.000000
36 6598.600000 0.890000 0.000000 0.000000
37 6604.950000 0.852499 0.000000 0.000000
38 6611.300000 0.809999 0.000000 0.000000
39 6617.650000 0.767500 0.000000 0.000000
40 6624.000000 0.717500 0.002500 0.000000
41 6630.350000 0.662500 0.015000 0.000000
42 6636.700000 0.610000 0.035000 0.000000
43 6643.050000 0.562500 0.062500 0.000000
44 6649.400000 0.515000 0.095000 0.000000
45 6655.750000 0.465000 0.140000 0.000000
46 6662.100000 0.417500 0.190000 0.000000
47 6668.450000 0.372500 0.257500 0.000000
48 6674.800000 0.325000 0.357500 0.000000
49 6681.150000 0.280000 0.465000 0.000000
50 6687.500000 0.235000 0.565000 0.000000
51 6693.850000 0.195000 0.670000 0.000000
52 6700.200000 0.157500 0.755000 0.000000
53 6706.550000 0.127500 0.820000 0.000000
54 6712.900000 0.105000 0.877499 0.000000
55 6719.250000 0.087500 0.909999 0.000000
56 6725.600000 0.072500 0.924999 0.000000
57 6731.950000 0.060000 0.929999 0.000000
58 6738.300000 0.047500 0.934999 0.000000
59 6744.650000 0.037500 0.937499 0.000000
60 6751.000000 0.030000 0.939999 0.000000
61 6757.350000 0.022500 0.939999 0.000000
62 6763.700000 0.015000 0.939999 0.000000
63 6770.050000 0.010000 0.939999 0.000000
64 6776.400000 0.005000 0.937499 0.000000
65 6782.750000 0.002500 0.932499 0.000000
66 6789.100000 0.000000 0.919999 0.000000
67 6795.450000 0.000000 0.889999 0.000000
68 6801.800000 0.000000 0.780000 0.000000
69 6808.150000 0.000000 0.607500 0.000000
70 6814.500000 0.000000 0.452500 0.000000
71 6820.850000 0.000000 0.305000 0.000000
72 6827.200000 0.000000 0.195000 0.000000
73 6833.550000 0.000000 0.135000 0.000000
74 6839.900000 0.000000 0.095000 0.000000
75 6846.250000 0.000000 0.065000 0.000000
76 6852.600000 0.000000 0.042500 0.000000
77 6858.950000 0.000000 0.025000 0.000000
78 6865.300000 0.000000 0.010000 0.000000
79 6871.650000 0.000000 0.000000 0.000000
80 6878.000000 0.000000 0.000000 0.000000
